    13.406      9.398     -9.398     -0.981     -1.060      0.795      1.105      1.060     -1.060     -0.981     -0.795      1.060    -12.550     -8.603      8.603
     9.398     13.406     -9.398      1.060      1.105     -1.060     -1.060     -0.981      0.795     -0.795     -0.981      1.060     -8.603    -12.550      8.603
    -9.398     -9.398     13.406      0.795      1.060     -0.981      1.060      0.795     -0.981     -1.060     -1.060      1.105      8.603      8.603    -12.550
    -0.981      1.060      0.795     13.406     -9.398     -9.398     -0.981      0.795      1.060      1.105     -1.060     -1.060    -12.550      8.603      8.603
    -1.060      1.105      1.060     -9.398     13.406      9.398      0.795     -0.981     -1.060      1.060     -0.981     -0.795      8.603    -12.550     -8.603
     0.795     -1.060     -0.981     -9.398      9.398     13.406     -1.060      1.060      1.105      1.060     -0.795     -0.981      8.603     -8.603    -12.550
     1.105     -1.060      1.060     -0.981      0.795     -1.060     13.406     -9.398      9.398     -0.981      1.060     -0.795    -12.550      8.603     -8.603
     1.060     -0.981      0.795      0.795     -0.981      1.060     -9.398     13.406     -9.398     -1.060      1.105     -1.060      8.603    -12.550      8.603
    -1.060      0.795     -0.981      1.060     -1.060      1.105      9.398     -9.398     13.406     -0.795      1.060     -0.981     -8.603      8.603    -12.550
    -0.981     -0.795     -1.060      1.105      1.060      1.060     -0.981     -1.060     -0.795     13.406      9.398      9.398    -12.550     -8.603     -8.603
    -0.795     -0.981     -1.060     -1.060     -0.981     -0.795      1.060      1.105      1.060      9.398     13.406      9.398     -8.603    -12.550     -8.603
     1.060      1.060      1.105     -1.060     -0.795     -0.981     -0.795     -1.060     -0.981      9.398      9.398     13.406     -8.603     -8.603    -12.550
   -12.550     -8.603      8.603    -12.550      8.603      8.603    -12.550      8.603     -8.603    -12.550     -8.603     -8.603     50.198     -0.000     -0.000
    -8.603    -12.550      8.603      8.603    -12.550     -8.603      8.603    -12.550      8.603     -8.603    -12.550     -8.603     -0.000     50.198     -0.000
     8.603      8.603    -12.550      8.603     -8.603    -12.550     -8.603      8.603    -12.550     -8.603     -8.603    -12.550     -0.000     -0.000     50.198


