    32.620      0.000      0.000      0.000      0.000      0.000      0.000      0.000      0.000      0.000      0.000      0.000      0.000      0.000      0.000
     0.000      8.399      0.000      0.000      0.000      0.000      0.000      0.000      0.000      0.000      0.000      0.000      0.000      0.000      0.000
     0.000      0.000      8.399      0.000      0.000      0.000      0.000      0.000      0.000      0.000      0.000      0.000      0.000      0.000      0.000
     0.000      0.000      0.000     22.685     21.149      2.541      9.541      7.669     15.071     13.218      0.279      3.351      0.000      0.000      0.000
     0.000      0.000      0.000     21.149     50.198     10.650      5.059     17.910      0.000      0.000      0.245     17.748      0.000      0.000      0.000
     0.000      0.000      0.000      2.541     10.650     10.756      4.898      4.445     15.896      2.533      4.892      7.003      0.000      0.000      0.000
     0.000      0.000      0.000      9.541      5.059      4.898     22.046      7.418     19.522     14.061      1.216      0.955      0.000      0.000      0.000
     0.000      0.000      0.000      7.669     17.910      4.445      7.418     23.165      9.071     21.988      4.839      2.532      0.000      0.000      0.000
     0.000      0.000      0.000     15.071      0.000     15.896     19.522      9.071     50.198      0.000     11.440     12.167      0.000      0.000      0.000
     0.000      0.000      0.000     13.218      0.000      2.533     14.061     21.988      0.000     50.198     14.552     12.167      0.000      0.000      0.000
     0.000      0.000      0.000      0.279      0.245      4.892      1.216      4.839     11.440     14.552     14.259     10.809      0.000      0.000      0.000
     0.000      0.000      0.000      3.351     17.748      7.003      0.955      2.532     12.167     12.167     10.809     18.582      0.000      0.000      0.000
     0.000      0.000      0.000      0.000      0.000      0.000      0.000      0.000      0.000      0.000      0.000      0.000      0.011      0.000      0.000
     0.000      0.000      0.000      0.000      0.000      0.000      0.000      0.000      0.000      0.000      0.000      0.000      0.000      0.011      0.000
     0.000      0.000      0.000      0.000      0.000      0.000      0.000      0.000      0.000      0.000      0.000      0.000      0.000      0.000      0.011


