     32.62       0.00       0.00       0.00       0.00       0.00       0.00       0.00       0.00       0.00       0.00       0.00       0.00       0.00       0.00
      0.00       8.40       0.00       0.00       0.00       0.00       0.00       0.00       0.00       0.00       0.00       0.00       0.00       0.00       0.00
      0.00       0.00       8.40       0.00       0.00       0.00       0.00       0.00       0.00       0.00       0.00       0.00       0.00       0.00       0.00
      0.00       0.00       0.00      50.20       0.00       0.00       1.69      29.67       5.21      12.17       8.48       9.57       0.00       0.00       0.00
      0.00       0.00       0.00       0.00      50.20       0.00      18.26       5.21       9.26      12.17      15.64      19.57       0.00       0.00       0.00
      0.00       0.00       0.00       0.00       0.00      50.20      14.77      15.83       7.67      17.75       8.24      17.65       0.00       0.00       0.00
      0.00       0.00       0.00       1.69      18.26      14.77      14.13       7.54       7.62       6.55       1.60       2.05       0.00       0.00       0.00
      0.00       0.00       0.00      29.67       5.21      15.83       7.54      27.94       0.80       5.99       1.79       0.50       0.00       0.00       0.00
      0.00       0.00       0.00       5.21       9.26       7.67       7.62       0.80      13.72      10.00       0.97       1.10       0.00       0.00       0.00
      0.00       0.00       0.00      12.17      12.17      17.75       6.55       5.99      10.00      18.58       1.34       1.96       0.00       0.00       0.00
      0.00       0.00       0.00       8.48      15.64       8.24       1.60       1.79       0.97       1.34       9.28       9.46       0.00       0.00       0.00
      0.00       0.00       0.00       9.57      19.57      17.65       2.05       0.50       1.10       1.96       9.46      27.83       0.00       0.00       0.00
      0.00       0.00       0.00       0.00       0.00       0.00       0.00       0.00       0.00       0.00       0.00       0.00       0.01       0.00       0.00
      0.00       0.00       0.00       0.00       0.00       0.00       0.00       0.00       0.00       0.00       0.00       0.00       0.00       0.01       0.00
      0.00       0.00       0.00       0.00       0.00       0.00       0.00       0.00       0.00       0.00       0.00       0.00       0.00       0.00       0.01
